CIC_OEM_VERS = 2.0 
CREATION_DATE = 2018-04-16T10:13:59 
ORIGINATOR = MATLAB

META_START

OBJECT_NAME = EYESAT SATELLITE
OBJECT_ID = EYE001
CENTER_NAME = EARTH
REF_FRAME = EME2000
TIME_SYSTEM = UTC

META_STOP
58484 0 -6770.4986 -1208.096 12.2683
58484 1 -6770.653 -1207.13 19.8186
58484 2 -6770.7991 -1206.1624 27.3688
58484 3 -6770.9369 -1205.1934 34.919
58484 4 -6771.0664 -1204.2229 42.4692
58484 5 -6771.1876 -1203.2509 50.0193
58484 6 -6771.3004 -1202.2775 57.5693
58484 7 -6771.405 -1201.3025 65.1193
58484 8 -6771.5013 -1200.3261 72.6691
58484 9 -6771.5892 -1199.3483 80.2189
58484 10 -6771.6688 -1198.3689 87.7686
58484 11 -6771.7402 -1197.3881 95.3182
58484 12 -6771.8032 -1196.4058 102.8677
58484 13 -6771.8579 -1195.422 110.417
58484 14 -6771.9043 -1194.4368 117.9662
58484 15 -6771.9424 -1193.4501 125.5153
58484 16 -6771.9721 -1192.462 133.0642
58484 17 -6771.9936 -1191.4724 140.613
58484 18 -6772.0068 -1190.4813 148.1615
58484 19 -6772.0116 -1189.4887 155.7099
58484 20 -6772.0082 -1188.4947 163.2581
58484 21 -6771.9964 -1187.4993 170.8061
58484 22 -6771.9763 -1186.5024 178.3539
58484 23 -6771.9479 -1185.504 185.9015
58484 24 -6771.9112 -1184.5042 193.4488
58484 25 -6771.8662 -1183.5029 200.9959
58484 26 -6771.8129 -1182.5002 208.5428
58484 27 -6771.7513 -1181.496 216.0894
58484 28 -6771.6813 -1180.4903 223.6357
58484 29 -6771.6031 -1179.4833 231.1818
58484 30 -6771.5165 -1178.4747 238.7275
58484 31 -6771.4217 -1177.4648 246.273
58484 32 -6771.3185 -1176.4533 253.8182

