CIC_AEM_VERS = 1.0 
CREATION_DATE = 2018-04-16T10:14:12 
ORIGINATOR = MATLAB

META_START

OBJECT_NAME = EYESAT SATELLITE
OBJECT_ID = EYE001
CENTER_NAME = EARTH
REF_FRAME_A = EME2000
REF_FRAME_B = SC_BODY_1
ATTITUDE_DIR = A2B
TIME_SYSTEM = UTC
ATTITUDE_TYPE = QUATERNION

META_STOP
58484 0 -0.47226 0.53515 0.46614 -0.52278
58484 1 -0.47256 0.53495 0.46576 -0.52305
58484 2 -0.47286 0.53475 0.46538 -0.52332
58484 3 -0.47316 0.53456 0.46499 -0.52359
58484 4 -0.47345 0.53438 0.46459 -0.52388
58484 5 -0.47372 0.53421 0.46416 -0.52417
58484 6 -0.47399 0.53406 0.46372 -0.52447
58484 7 -0.47425 0.53393 0.46327 -0.52478
58484 8 -0.4745 0.5338 0.46279 -0.52511
58484 9 -0.47475 0.53367 0.46229 -0.52545
58484 10 -0.47498 0.53357 0.46178 -0.52579
58484 11 -0.47519 0.5335 0.46126 -0.52614
58484 12 -0.47538 0.53345 0.46073 -0.52648
58484 13 -0.47555 0.5334 0.46022 -0.52681
58484 14 -0.47572 0.53336 0.4597 -0.52715
58484 15 -0.47591 0.5333 0.45917 -0.52751
58484 16 -0.47613 0.53319 0.45862 -0.52789
58484 17 -0.47638 0.53306 0.45804 -0.52831
58484 18 -0.47664 0.53291 0.45743 -0.52876
58484 19 -0.47691 0.53274 0.4568 -0.52922
58484 20 -0.47717 0.53259 0.45617 -0.52969
58484 21 -0.47739 0.53247 0.45556 -0.53013
58484 22 -0.47759 0.53237 0.45496 -0.53056
58484 23 -0.47777 0.53229 0.45438 -0.53098
58484 24 -0.47793 0.53223 0.45381 -0.53138
58484 25 -0.47808 0.53217 0.45327 -0.53177
58484 26 -0.47823 0.5321 0.45273 -0.53216
58484 27 -0.47839 0.53202 0.4522 -0.53255
58484 28 -0.47855 0.53194 0.45167 -0.53294
58484 29 -0.47867 0.53189 0.45114 -0.53333
58484 30 -0.47878 0.53185 0.45064 -0.53369
58484 31 -0.47889 0.53181 0.45014 -0.53406
58484 32 -0.47903 0.53172 0.44963 -0.53445

