MJD_Day-MJD_Sec-Position_X-Position_Y-Position_Z
58484 0 -926.28944 4544.38541 4364.20320
58484 1 -926.62082 4544.31727 4364.20380
58484 2 -926.95221 4544.24911 4364.20440
58484 3 -927.28358 4544.18093 4364.20500
58484 4 -927.61496 4544.11272 4364.20560
58484 5 -927.94632 4544.04448 4364.20620
58484 6 -928.27768 4543.97623 4364.20680
58484 7 -928.60904 4543.90795 4364.20740
58484 8 -928.94039 4543.83964 4364.20800
58484 9 -929.27174 4543.77131 4364.20860
58484 10 -929.60308 4543.70296 4364.20920
58484 11 -929.93442 4543.63458 4364.20980
58484 12 -930.26575 4543.56618 4364.21040
58484 13 -930.59708 4543.49775 4364.21100
58484 14 -930.92840 4543.42930 4364.21160
58484 15 -931.25972 4543.36083 4364.21220
58484 16 -931.59103 4543.29233 4364.21280
58484 17 -931.92234 4543.22380 4364.21340
58484 18 -932.25364 4543.15526 4364.21400
58484 19 -932.58494 4543.08669 4364.21460
58484 20 -932.91623 4543.01809 4364.21520
58484 21 -933.24752 4542.94947 4364.21580
58484 22 -933.57881 4542.88083 4364.21640
58484 23 -933.91008 4542.81216 4364.21700
58484 24 -934.24136 4542.74347 4364.21761
58484 25 -934.57262 4542.67475 4364.21821
58484 26 -934.90389 4542.60601 4364.21881
58484 27 -935.23514 4542.53725 4364.21941
58484 28 -935.56639 4542.46846 4364.22001
58484 29 -935.89764 4542.39965 4364.22061
58484 30 -936.22888 4542.33081 4364.22121
58484 31 -936.56012 4542.26195 4364.22181
58484 32 -936.89135 4542.19306 4364.22240
